[{"blendshapes": {"_neutral": 1.2196013585707988e-06, "browDownLeft": 0.04139577969908714, "browDownRight": 0.026101212948560715, "browInnerUp": 0.02783389762043953, "browOuterUpLeft": 0.05935116857290268, "browOuterUpRight": 0.053896378725767136, "cheekPuff": 9.293317270930856e-05, "cheekSquintLeft": 2.449704936680064e-07, "cheekSquintRight": 4.6172453949111514e-07, "eyeBlinkLeft": 0.1463676393032074, "eyeBlinkRight": 0.19612814486026764, "eyeLookDownLeft": 0.3064861595630646, "eyeLookDownRight": 0.3316818177700043, "eyeLookInLeft": 0.0010960819199681282, "eyeLookInRight": 0.620661735534668, "eyeLookOutLeft": 0.5491944551467896, "eyeLookOutRight": 0.007508754264563322, "eyeLookUpLeft": 0.04033154621720314, "eyeLookUpRight": 0.02345200628042221, "eyeSquintLeft": 0.37713733315467834, "eyeSquintRight": 0.20832961797714233, "eyeWideLeft": 0.006207219325006008, "eyeWideRight": 0.0031283439602702856, "jawForward": 0.0017041503451764584, "jawLeft": 0.000555709470063448, "jawOpen": 0.013432114385068417, "jawRight": 0.0001907189580379054, "mouthClose": 0.0005967734614387155, "mouthDimpleLeft": 0.03605552017688751, "mouthDimpleRight": 0.0028707818128168583, "mouthFrownLeft": 1.8817112504621036e-05, "mouthFrownRight": 3.275167546235025e-05, "mouthFunnel": 0.11431797593832016, "mouthLeft": 0.00044748582877218723, "mouthLowerDownLeft": 0.008435087278485298, "mouthLowerDownRight": 0.01779949478805065, "mouthPressLeft": 0.013551870360970497, "mouthPressRight": 0.0036072139628231525, "mouthPucker": 0.043029747903347015, "mouthRight": 0.001949344645254314, "mouthRollLower": 0.0001892576110549271, "mouthRollUpper": 0.0038209755439311266, "mouthShrugLower": 0.00010720523277996108, "mouthShrugUpper": 0.01784089021384716, "mouthSmileLeft": 0.09641452133655548, "mouthSmileRight": 0.07742969691753387, "mouthStretchLeft": 0.0024127259384840727, "mouthStretchRight": 0.0207706019282341, "mouthUpperUpLeft": 0.03435797989368439, "mouthUpperUpRight": 0.032992247492074966, "noseSneerLeft": 5.706873707822524e-06, "noseSneerRight": 2.3089687601896003e-06}, "transformationMatrices": [0.9805953502655029, 0.1960436999797821, -0.0005427495343610644, 0.0, -0.19121085107326508, 0.9570253491401672, 0.21804040670394897, 0.0, 0.043264877051115036, -0.2137056142091751, 0.9759399890899658, 0.0, -3.194653034210205, 13.841618537902832, -55.761749267578125, 1.0]},{"blendshapes": {"_neutral": 9.017641104946961e-07, "browDownLeft": 0.03004620596766472, "browDownRight": 0.021945448592305183, "browInnerUp": 0.03029961697757244, "browOuterUpLeft": 0.07658606022596359, "browOuterUpRight": 0.05568018555641174, "cheekPuff": 0.00010515486792428419, "cheekSquintLeft": 2.2750008099592378e-07, "cheekSquintRight": 4.056691409459745e-07, "eyeBlinkLeft": 0.1552956998348236, "eyeBlinkRight": 0.21143653988838196, "eyeLookDownLeft": 0.3249760866165161, "eyeLookDownRight": 0.34547293186187744, "eyeLookInLeft": 0.0010257731191813946, "eyeLookInRight": 0.6646140217781067, "eyeLookOutLeft": 0.6065938472747803, "eyeLookOutRight": 0.005026047118008137, "eyeLookUpLeft": 0.037348899990320206, "eyeLookUpRight": 0.022184118628501892, "eyeSquintLeft": 0.3812507688999176, "eyeSquintRight": 0.22648832201957703, "eyeWideLeft": 0.005850332323461771, "eyeWideRight": 0.002965681254863739, "jawForward": 0.0019413352711126208, "jawLeft": 0.0006048500072211027, "jawOpen": 0.018990447744727135, "jawRight": 0.0002301185013493523, "mouthClose": 0.0007158147636801004, "mouthDimpleLeft": 0.034579433500766754, "mouthDimpleRight": 0.004045710898935795, "mouthFrownLeft": 1.1759035260183737e-05, "mouthFrownRight": 1.848864121711813e-05, "mouthFunnel": 0.10600055754184723, "mouthLeft": 0.0003552455164026469, "mouthLowerDownLeft": 0.01306578516960144, "mouthLowerDownRight": 0.02530510723590851, "mouthPressLeft": 0.015256634913384914, "mouthPressRight": 0.004668285604566336, "mouthPucker": 0.03514918312430382, "mouthRight": 0.002472029300406575, "mouthRollLower": 0.00018978673324454576, "mouthRollUpper": 0.005037060007452965, "mouthShrugLower": 6.614707672270015e-05, "mouthShrugUpper": 0.01250283420085907, "mouthSmileLeft": 0.11490681022405624, "mouthSmileRight": 0.09279325604438782, "mouthStretchLeft": 0.0024395855143666267, "mouthStretchRight": 0.015566576272249222, "mouthUpperUpLeft": 0.022742660716176033, "mouthUpperUpRight": 0.02374957874417305, "noseSneerLeft": 5.557592885452323e-06, "noseSneerRight": 1.988945314224111e-06}, "transformationMatrices": [0.9802741408348083, 0.19761495292186737, 0.0033415830694139004, 0.0, -0.19351719319820404, 0.9562362432479858, 0.21946047246456146, 0.0, 0.040173329412937164, -0.21577808260917664, 0.9756156206130981, 0.0, -3.1845881938934326, 13.887025833129883, -55.77876663208008, 1.0]},{"blendshapes": {"_neutral": 7.829547143956006e-07, "browDownLeft": 0.027532542124390602, "browDownRight": 0.021441541612148285, "browInnerUp": 0.0323827899992466, "browOuterUpLeft": 0.0827098935842514, "browOuterUpRight": 0.05399412661790848, "cheekPuff": 0.0001137372528319247, "cheekSquintLeft": 2.1225187651907618e-07, "cheekSquintRight": 3.9664911355430377e-07, "eyeBlinkLeft": 0.16047385334968567, "eyeBlinkRight": 0.21281492710113525, "eyeLookDownLeft": 0.3562692403793335, "eyeLookDownRight": 0.37014883756637573, "eyeLookInLeft": 0.0008031046600081027, "eyeLookInRight": 0.7288798093795776, "eyeLookOutLeft": 0.6837060451507568, "eyeLookOutRight": 0.003168274648487568, "eyeLookUpLeft": 0.03336271271109581, "eyeLookUpRight": 0.019260192289948463, "eyeSquintLeft": 0.37839311361312866, "eyeSquintRight": 0.22500205039978027, "eyeWideLeft": 0.00587490014731884, "eyeWideRight": 0.0028984739910811186, "jawForward": 0.00209686066955328, "jawLeft": 0.0007816177676431835, "jawOpen": 0.024897007271647453, "jawRight": 0.0002327629190403968, "mouthClose": 0.0008686006185598671, "mouthDimpleLeft": 0.03424220159649849, "mouthDimpleRight": 0.004908168688416481, "mouthFrownLeft": 9.67230607784586e-06, "mouthFrownRight": 1.447530394216301e-05, "mouthFunnel": 0.09320596605539322, "mouthLeft": 0.00033920450368896127, "mouthLowerDownLeft": 0.016018163412809372, "mouthLowerDownRight": 0.030308501794934273, "mouthPressLeft": 0.017038127407431602, "mouthPressRight": 0.005628423299640417, "mouthPucker": 0.027667729184031487, "mouthRight": 0.00254438747651875, "mouthRollLower": 0.00020459271036088467, "mouthRollUpper": 0.006255696527659893, "mouthShrugLower": 5.313493238645606e-05, "mouthShrugUpper": 0.010474619455635548, "mouthSmileLeft": 0.10565323382616043, "mouthSmileRight": 0.08515798300504684, "mouthStretchLeft": 0.0023493359331041574, "mouthStretchRight": 0.013194375671446323, "mouthUpperUpLeft": 0.017417974770069122, "mouthUpperUpRight": 0.018769675865769386, "noseSneerLeft": 5.543010956898797e-06, "noseSneerRight": 1.8941095731861424e-06}, "transformationMatrices": [0.980408787727356, 0.19687356054782867, 0.006263694725930691, 0.0, -0.193511500954628, 0.956756055355072, 0.21718791127204895, 0.0, 0.03676572069525719, -0.2141450196504593, 0.976109504699707, 0.0, -3.1800215244293213, 13.905804634094238, -55.790985107421875, 1.0]},{"blendshapes": {"_neutral": 5.956872541901248e-07, "browDownLeft": 0.023813465610146523, "browDownRight": 0.021236667409539223, "browInnerUp": 0.03455989435315132, "browOuterUpLeft": 0.09225019812583923, "browOuterUpRight": 0.050934623926877975, "cheekPuff": 0.00012188634718768299, "cheekSquintLeft": 1.8496527331990364e-07, "cheekSquintRight": 3.420979624024767e-07, "eyeBlinkLeft": 0.1743232011795044, "eyeBlinkRight": 0.23870447278022766, "eyeLookDownLeft": 0.3719271719455719, "eyeLookDownRight": 0.38352203369140625, "eyeLookInLeft": 0.0007988867582753301, "eyeLookInRight": 0.7407997846603394, "eyeLookOutLeft": 0.7016795873641968, "eyeLookOutRight": 0.002844100585207343, "eyeLookUpLeft": 0.03175893798470497, "eyeLookUpRight": 0.018711885437369347, "eyeSquintLeft": 0.3691509962081909, "eyeSquintRight": 0.23541928827762604, "eyeWideLeft": 0.00541463028639555, "eyeWideRight": 0.0025984083767980337, "jawForward": 0.0023670773953199387, "jawLeft": 0.000969327986240387, "jawOpen": 0.031033292412757874, "jawRight": 0.0002292757562827319, "mouthClose": 0.0010196255752816796, "mouthDimpleLeft": 0.031033964827656746, "mouthDimpleRight": 0.007608303800225258, "mouthFrownLeft": 6.11905943515012e-06, "mouthFrownRight": 8.274948413600214e-06, "mouthFunnel": 0.09805921465158463, "mouthLeft": 0.00032777953310869634, "mouthLowerDownLeft": 0.022011537104845047, "mouthLowerDownRight": 0.03748488053679466, "mouthPressLeft": 0.016194649040699005, "mouthPressRight": 0.0071726227179169655, "mouthPucker": 0.02624260075390339, "mouthRight": 0.002718765987083316, "mouthRollLower": 0.00020119189866818488, "mouthRollUpper": 0.0077704559080302715, "mouthShrugLower": 3.498699879855849e-05, "mouthShrugUpper": 0.007500421721488237, "mouthSmileLeft": 0.11346600949764252, "mouthSmileRight": 0.09775307774543762, "mouthStretchLeft": 0.002206329023465514, "mouthStretchRight": 0.00993699673563242, "mouthUpperUpLeft": 0.012039398774504662, "mouthUpperUpRight": 0.014184062369167805, "noseSneerLeft": 4.970251211489085e-06, "noseSneerRight": 1.6404919733759016e-06}, "transformationMatrices": [0.9806110858917236, 0.19574221968650818, 0.009329699911177158, 0.0, -0.19309410452842712, 0.9570335745811462, 0.21633489429950714, 0.0, 0.03341704607009888, -0.2139420211315155, 0.9762744903564453, 0.0, -3.1740989685058594, 13.957134246826172, -55.84525680541992, 1.0]},{"blendshapes": {"_neutral": 5.329374630491657e-07, "browDownLeft": 0.0235668383538723, "browDownRight": 0.021983912214636803, "browInnerUp": 0.03577280789613724, "browOuterUpLeft": 0.09193409234285355, "browOuterUpRight": 0.048118315637111664, "cheekPuff": 0.0001235451636603102, "cheekSquintLeft": 1.7052352063728904e-07, "cheekSquintRight": 3.3188277370754804e-07, "eyeBlinkLeft": 0.18257053196430206, "eyeBlinkRight": 0.24386557936668396, "eyeLookDownLeft": 0.37163886427879333, "eyeLookDownRight": 0.38262414932250977, "eyeLookInLeft": 0.0007759450236335397, "eyeLookInRight": 0.7501475214958191, "eyeLookOutLeft": 0.7130288481712341, "eyeLookOutRight": 0.002681346610188484, "eyeLookUpLeft": 0.031712230294942856, "eyeLookUpRight": 0.019435694441199303, "eyeSquintLeft": 0.37074875831604004, "eyeSquintRight": 0.2393636554479599, "eyeWideLeft": 0.0051496196538209915, "eyeWideRight": 0.002579948166385293, "jawForward": 0.002526914468035102, "jawLeft": 0.001122962567023933, "jawOpen": 0.03307734802365303, "jawRight": 0.00021697187912650406, "mouthClose": 0.0011023601982742548, "mouthDimpleLeft": 0.031106194481253624, "mouthDimpleRight": 0.009509725496172905, "mouthFrownLeft": 4.562100912153255e-06, "mouthFrownRight": 5.881501692783786e-06, "mouthFunnel": 0.09790834784507751, "mouthLeft": 0.0003397114051040262, "mouthLowerDownLeft": 0.02472769282758236, "mouthLowerDownRight": 0.04045403376221657, "mouthPressLeft": 0.01636349782347679, "mouthPressRight": 0.00825866125524044, "mouthPucker": 0.026158161461353302, "mouthRight": 0.0027038019616156816, "mouthRollLower": 0.00020267617946956307, "mouthRollUpper": 0.008683659136295319, "mouthShrugLower": 2.8385424229782075e-05, "mouthShrugUpper": 0.0060040452517569065, "mouthSmileLeft": 0.12066368758678436, "mouthSmileRight": 0.10549219697713852, "mouthStretchLeft": 0.0020838226191699505, "mouthStretchRight": 0.008600865490734577, "mouthUpperUpLeft": 0.008932524360716343, "mouthUpperUpRight": 0.010972961783409119, "noseSneerLeft": 4.632564468920464e-06, "noseSneerRight": 1.5406661759698181e-06}, "transformationMatrices": [0.9810117483139038, 0.19364255666732788, 0.0108783645555377, 0.0, -0.19140960276126862, 0.9576040506362915, 0.21530476212501526, 0.0, 0.03127498924732208, -0.21329869329929352, 0.976486086845398, 0.0, -3.1645190715789795, 13.985167503356934, -55.8563346862793, 1.0]},{"blendshapes": {"_neutral": 4.938576125823602e-07, "browDownLeft": 0.020763305947184563, "browDownRight": 0.018967194482684135, "browInnerUp": 0.037474460899829865, "browOuterUpLeft": 0.09659061580896378, "browOuterUpRight": 0.050815731287002563, "cheekPuff": 0.00013131687592249364, "cheekSquintLeft": 1.7299872467901878e-07, "cheekSquintRight": 3.253633451549831e-07, "eyeBlinkLeft": 0.18915808200836182, "eyeBlinkRight": 0.2626030147075653, "eyeLookDownLeft": 0.3532179594039917, "eyeLookDownRight": 0.3713180124759674, "eyeLookInLeft": 0.0008507719030603766, "eyeLookInRight": 0.7442508935928345, "eyeLookOutLeft": 0.7102442979812622, "eyeLookOutRight": 0.0027037865947932005, "eyeLookUpLeft": 0.034370746463537216, "eyeLookUpRight": 0.02173500321805477, "eyeSquintLeft": 0.37583252787590027, "eyeSquintRight": 0.24051740765571594, "eyeWideLeft": 0.004898348357528448, "eyeWideRight": 0.0024648881517350674, "jawForward": 0.002649882109835744, "jawLeft": 0.0015564708737656474, "jawOpen": 0.035530008375644684, "jawRight": 0.00017786890384741127, "mouthClose": 0.0010607332224026322, "mouthDimpleLeft": 0.0264087226241827, "mouthDimpleRight": 0.009468342177569866, "mouthFrownLeft": 4.6506334001605865e-06, "mouthFrownRight": 5.584678547165822e-06, "mouthFunnel": 0.10311280936002731, "mouthLeft": 0.00031953639700077474, "mouthLowerDownLeft": 0.029874827712774277, "mouthLowerDownRight": 0.04555077105760574, "mouthPressLeft": 0.01497348491102457, "mouthPressRight": 0.0078338123857975, "mouthPucker": 0.027511795982718468, "mouthRight": 0.0027983614709228277, "mouthRollLower": 0.00019109320419374853, "mouthRollUpper": 0.009162774309515953, "mouthShrugLower": 2.4932944143074565e-05, "mouthShrugUpper": 0.005744990427047014, "mouthSmileLeft": 0.16236332058906555, "mouthSmileRight": 0.13887886703014374, "mouthStretchLeft": 0.002494433429092169, "mouthStretchRight": 0.008431901223957539, "mouthUpperUpLeft": 0.008829697035253048, "mouthUpperUpRight": 0.011432304978370667, "noseSneerLeft": 4.723278834717348e-06, "noseSneerRight": 1.5304050293707405e-06}, "transformationMatrices": [0.9815880060195923, 0.19070467352867126, 0.010806364938616753, 0.0, -0.18849042057991028, 0.9579256772994995, 0.2164478600025177, 0.0, 0.030925927683711052, -0.2144995480775833, 0.9762343168258667, 0.0, -3.1117403507232666, 14.023996353149414, -55.840797424316406, 1.0]},{"blendshapes": {"_neutral": 4.7376116185660067e-07, "browDownLeft": 0.01922689564526081, "browDownRight": 0.017699263989925385, "browInnerUp": 0.03741643577814102, "browOuterUpLeft": 0.10083214938640594, "browOuterUpRight": 0.049411606043577194, "cheekPuff": 0.00014707091031596065, "cheekSquintLeft": 1.658056305586797e-07, "cheekSquintRight": 3.1688716717326315e-07, "eyeBlinkLeft": 0.19769543409347534, "eyeBlinkRight": 0.2730298936367035, "eyeLookDownLeft": 0.3225667178630829, "eyeLookDownRight": 0.34438738226890564, "eyeLookInLeft": 0.0008928345632739365, "eyeLookInRight": 0.742466926574707, "eyeLookOutLeft": 0.7074446678161621, "eyeLookOutRight": 0.002799342153593898, "eyeLookUpLeft": 0.03860311955213547, "eyeLookUpRight": 0.025844328105449677, "eyeSquintLeft": 0.3701070547103882, "eyeSquintRight": 0.24944625794887543, "eyeWideLeft": 0.0046919966116547585, "eyeWideRight": 0.002357748569920659, "jawForward": 0.002862853929400444, "jawLeft": 0.0020403710659593344, "jawOpen": 0.04215848818421364, "jawRight": 0.00016967994451988488, "mouthClose": 0.001182336243800819, "mouthDimpleLeft": 0.025581054389476776, "mouthDimpleRight": 0.010242296382784843, "mouthFrownLeft": 4.08536607210408e-06, "mouthFrownRight": 4.727749455923913e-06, "mouthFunnel": 0.09784530103206635, "mouthLeft": 0.00032366908271797, "mouthLowerDownLeft": 0.037703003734350204, "mouthLowerDownRight": 0.054181210696697235, "mouthPressLeft": 0.015072012320160866, "mouthPressRight": 0.008515561930835247, "mouthPucker": 0.02460119128227234, "mouthRight": 0.002757510868832469, "mouthRollLower": 0.0001923813542816788, "mouthRollUpper": 0.010730662383139133, "mouthShrugLower": 2.138007403118536e-05, "mouthShrugUpper": 0.005370405502617359, "mouthSmileLeft": 0.17417961359024048, "mouthSmileRight": 0.15079768002033234, "mouthStretchLeft": 0.002511153928935528, "mouthStretchRight": 0.007866056635975838, "mouthUpperUpLeft": 0.007858997210860252, "mouthUpperUpRight": 0.010530994273722172, "noseSneerLeft": 4.694462859333726e-06, "noseSneerRight": 1.53726853113767e-06}, "transformationMatrices": [0.9821928143501282, 0.1877041906118393, 0.00801678653806448, 0.0, -0.18491242825984955, 0.9582741260528564, 0.21798531711101532, 0.0, 0.033234477043151855, -0.21558599174022675, 0.9759190082550049, 0.0, -3.026170015335083, 14.08608627319336, -55.883609771728516, 1.0]},{"blendshapes": {"_neutral": 4.829799991057371e-07, "browDownLeft": 0.019283469766378403, "browDownRight": 0.01751507818698883, "browInnerUp": 0.03948728367686272, "browOuterUpLeft": 0.10287697613239288, "browOuterUpRight": 0.049836575984954834, "cheekPuff": 0.00015258592611644417, "cheekSquintLeft": 1.7034666655035835e-07, "cheekSquintRight": 3.207044585451513e-07, "eyeBlinkLeft": 0.1877492517232895, "eyeBlinkRight": 0.25127631425857544, "eyeLookDownLeft": 0.32706138491630554, "eyeLookDownRight": 0.34776395559310913, "eyeLookInLeft": 0.0008491271291859448, "eyeLookInRight": 0.7463516592979431, "eyeLookOutLeft": 0.7116235494613647, "eyeLookOutRight": 0.002726313890889287, "eyeLookUpLeft": 0.03762584179639816, "eyeLookUpRight": 0.02465185709297657, "eyeSquintLeft": 0.3686704635620117, "eyeSquintRight": 0.24856846034526825, "eyeWideLeft": 0.005077606067061424, "eyeWideRight": 0.0026330698747187853, "jawForward": 0.0028683568816632032, "jawLeft": 0.0020476190838962793, "jawOpen": 0.044047825038433075, "jawRight": 0.0001740137377055362, "mouthClose": 0.0012381472624838352, "mouthDimpleLeft": 0.026193279772996902, "mouthDimpleRight": 0.010995102114975452, "mouthFrownLeft": 3.871253738907399e-06, "mouthFrownRight": 4.494366748986067e-06, "mouthFunnel": 0.09011735022068024, "mouthLeft": 0.00030797492945566773, "mouthLowerDownLeft": 0.039203379303216934, "mouthLowerDownRight": 0.05528869107365608, "mouthPressLeft": 0.015761613845825195, "mouthPressRight": 0.00932221207767725, "mouthPucker": 0.02273961529135704, "mouthRight": 0.0030141628812998533, "mouthRollLower": 0.0002042152191279456, "mouthRollUpper": 0.01106954924762249, "mouthShrugLower": 2.2539448764291592e-05, "mouthShrugUpper": 0.0055907065980136395, "mouthSmileLeft": 0.1659730076789856, "mouthSmileRight": 0.14797571301460266, "mouthStretchLeft": 0.0023211815860122442, "mouthStretchRight": 0.007590854074805975, "mouthUpperUpLeft": 0.007929711602628231, "mouthUpperUpRight": 0.010836813598871231, "noseSneerLeft": 4.6603258851973806e-06, "noseSneerRight": 1.6080596196843544e-06}, "transformationMatrices": [0.9824666976928711, 0.1863139420747757, 0.006809222046285868, 0.0, -0.18331781029701233, 0.9587239027023315, 0.21735486388206482, 0.0, 0.03396807983517647, -0.2147921323776245, 0.9760688543319702, 0.0, -2.9917287826538086, 14.099580764770508, -55.884796142578125, 1.0]},{"blendshapes": {"_neutral": 4.882968482888828e-07, "browDownLeft": 0.024795034900307655, "browDownRight": 0.0243129450827837, "browInnerUp": 0.03215770795941353, "browOuterUpLeft": 0.09257769584655762, "browOuterUpRight": 0.04390689730644226, "cheekPuff": 6.861660222057253e-05, "cheekSquintLeft": 1.5805568409632542e-07, "cheekSquintRight": 2.576554720690183e-07, "eyeBlinkLeft": 0.20340196788311005, "eyeBlinkRight": 0.29720205068588257, "eyeLookDownLeft": 0.2963673770427704, "eyeLookDownRight": 0.31851208209991455, "eyeLookInLeft": 0.0007291019428521395, "eyeLookInRight": 0.7788690328598022, "eyeLookOutLeft": 0.7395912408828735, "eyeLookOutRight": 0.0023912431206554174, "eyeLookUpLeft": 0.044551022350788116, "eyeLookUpRight": 0.03010355867445469, "eyeSquintLeft": 0.3798646926879883, "eyeSquintRight": 0.25703465938568115, "eyeWideLeft": 0.004527501296252012, "eyeWideRight": 0.0020527734886854887, "jawForward": 0.0019311255309730768, "jawLeft": 0.0007060077623464167, "jawOpen": 0.006431895773857832, "jawRight": 7.841650221962482e-05, "mouthClose": 0.00029428189736790955, "mouthDimpleLeft": 0.012093940749764442, "mouthDimpleRight": 0.004811959341168404, "mouthFrownLeft": 2.150745604012627e-05, "mouthFrownRight": 2.612408934510313e-05, "mouthFunnel": 0.06507178395986557, "mouthLeft": 0.00037678226362913847, "mouthLowerDownLeft": 0.009990358725190163, "mouthLowerDownRight": 0.01376657746732235, "mouthPressLeft": 0.010432087816298008, "mouthPressRight": 0.0063439724035561085, "mouthPucker": 0.04287112131714821, "mouthRight": 0.0022746832109987736, "mouthRollLower": 0.00011324042861815542, "mouthRollUpper": 0.0022899333853274584, "mouthShrugLower": 6.324463174678385e-05, "mouthShrugUpper": 0.009512425400316715, "mouthSmileLeft": 0.1729978322982788, "mouthSmileRight": 0.15860183537006378, "mouthStretchLeft": 0.006064631976187229, "mouthStretchRight": 0.023374710232019424, "mouthUpperUpLeft": 0.010918423533439636, "mouthUpperUpRight": 0.014313754625618458, "noseSneerLeft": 7.627964805578813e-06, "noseSneerRight": 1.2411476291163126e-06}, "transformationMatrices": [0.9827104210853577, 0.1851029247045517, 0.00421635527163744, 0.0, -0.18138766288757324, 0.957918643951416, 0.22246529161930084, 0.0, 0.03714004158973694, -0.21938370168209076, 0.9749317169189453, 0.0, -2.89389967918396, 14.17974853515625, -55.9032096862793, 1.0]},{"blendshapes": {"_neutral": 3.6578717299562413e-07, "browDownLeft": 0.03162279352545738, "browDownRight": 0.02638193964958191, "browInnerUp": 0.023576099425554276, "browOuterUpLeft": 0.08630599081516266, "browOuterUpRight": 0.04397103935480118, "cheekPuff": 3.336693407618441e-05, "cheekSquintLeft": 9.261075462063673e-08, "cheekSquintRight": 1.6007992087452294e-07, "eyeBlinkLeft": 0.20001256465911865, "eyeBlinkRight": 0.296809583902359, "eyeLookDownLeft": 0.27009811997413635, "eyeLookDownRight": 0.29201480746269226, "eyeLookInLeft": 0.0007739589782431722, "eyeLookInRight": 0.7940040826797485, "eyeLookOutLeft": 0.766923189163208, "eyeLookOutRight": 0.001894179149530828, "eyeLookUpLeft": 0.05080760642886162, "eyeLookUpRight": 0.03273208811879158, "eyeSquintLeft": 0.40176302194595337, "eyeSquintRight": 0.24983011186122894, "eyeWideLeft": 0.004796611610800028, "eyeWideRight": 0.001912073465064168, "jawForward": 0.0010906232055276632, "jawLeft": 0.00027850797050632536, "jawOpen": 0.0013885174412280321, "jawRight": 6.483912147814408e-05, "mouthClose": 0.00014421569358091801, "mouthDimpleLeft": 0.008576403371989727, "mouthDimpleRight": 0.005244746804237366, "mouthFrownLeft": 1.909064667415805e-05, "mouthFrownRight": 2.120249337167479e-05, "mouthFunnel": 0.023171834647655487, "mouthLeft": 0.0003237662895116955, "mouthLowerDownLeft": 0.0024283207021653652, "mouthLowerDownRight": 0.0027618692256510258, "mouthPressLeft": 0.010148626752197742, "mouthPressRight": 0.007208262570202351, "mouthPucker": 0.053001489490270615, "mouthRight": 0.004551602993160486, "mouthRollLower": 9.769880853127688e-05, "mouthRollUpper": 0.0013985955156385899, "mouthShrugLower": 0.00012636909377761185, "mouthShrugUpper": 0.007708576507866383, "mouthSmileLeft": 0.1846257746219635, "mouthSmileRight": 0.18263396620750427, "mouthStretchLeft": 0.006118123885244131, "mouthStretchRight": 0.01814747042953968, "mouthUpperUpLeft": 0.0029191484209150076, "mouthUpperUpRight": 0.0039048658218234777, "noseSneerLeft": 7.97182019596221e-06, "noseSneerRight": 6.760133715033589e-07}, "transformationMatrices": [0.9835914969444275, 0.18037152290344238, -0.0037386745680123568, 0.0, -0.17498838901519775, 0.9588690400123596, 0.2234933227300644, 0.0, 0.04389672353863716, -0.21917183697223663, 0.9746981859207153, 0.0, -2.729628562927246, 14.328721046447754, -55.910484313964844, 1.0]},{"blendshapes": {"_neutral": 3.7040970823909447e-07, "browDownLeft": 0.04349736124277115, "browDownRight": 0.04401345178484917, "browInnerUp": 0.01630714349448681, "browOuterUpLeft": 0.0774540901184082, "browOuterUpRight": 0.036587316542863846, "cheekPuff": 2.197912908741273e-05, "cheekSquintLeft": 8.719113253619071e-08, "cheekSquintRight": 1.4828542305167502e-07, "eyeBlinkLeft": 0.20068806409835815, "eyeBlinkRight": 0.27230361104011536, "eyeLookDownLeft": 0.2636546492576599, "eyeLookDownRight": 0.28800874948501587, "eyeLookInLeft": 0.000818015425466001, "eyeLookInRight": 0.7659539580345154, "eyeLookOutLeft": 0.733260452747345, "eyeLookOutRight": 0.0027624471113085747, "eyeLookUpLeft": 0.05462251976132393, "eyeLookUpRight": 0.03508726507425308, "eyeSquintLeft": 0.3840259313583374, "eyeSquintRight": 0.23730476200580597, "eyeWideLeft": 0.005172714591026306, "eyeWideRight": 0.002184801734983921, "jawForward": 0.0007173163467086852, "jawLeft": 0.0001429258700227365, "jawOpen": 0.0005068205646239221, "jawRight": 5.432307443697937e-05, "mouthClose": 6.768996536266059e-05, "mouthDimpleLeft": 0.005725879222154617, "mouthDimpleRight": 0.0037431831005960703, "mouthFrownLeft": 3.324984572827816e-05, "mouthFrownRight": 3.592675057007e-05, "mouthFunnel": 0.014491140842437744, "mouthLeft": 0.00018263494712300599, "mouthLowerDownLeft": 0.0008756378665566444, "mouthLowerDownRight": 0.0009749235468916595, "mouthPressLeft": 0.007856450043618679, "mouthPressRight": 0.004883218556642532, "mouthPucker": 0.0822702944278717, "mouthRight": 0.011231875978410244, "mouthRollLower": 6.932163523742929e-05, "mouthRollUpper": 0.0006170750129967928, "mouthShrugLower": 0.00029764132341369987, "mouthShrugUpper": 0.011361557990312576, "mouthSmileLeft": 0.22598227858543396, "mouthSmileRight": 0.22291910648345947, "mouthStretchLeft": 0.009940200485289097, "mouthStretchRight": 0.026439685374498367, "mouthUpperUpLeft": 0.0037453246768563986, "mouthUpperUpRight": 0.0052176304161548615, "noseSneerLeft": 9.362107448396273e-06, "noseSneerRight": 6.13530573900789e-07}, "transformationMatrices": [0.9849215745925903, 0.1725856065750122, -0.011962056159973145, 0.0, -0.16600479185581207, 0.9622994661331177, 0.21545618772506714, 0.0, 0.04869571700692177, -0.21022170782089233, 0.9764397740364075, 0.0, -2.489884614944458, 14.485596656799316, -55.935550689697266, 1.0]},{"blendshapes": {"_neutral": 4.1066010680879117e-07, "browDownLeft": 0.04539748653769493, "browDownRight": 0.04181453585624695, "browInnerUp": 0.016828851774334908, "browOuterUpLeft": 0.07368704676628113, "browOuterUpRight": 0.03532625734806061, "cheekPuff": 1.643036193854641e-05, "cheekSquintLeft": 8.238809812155523e-08, "cheekSquintRight": 1.4131003922557284e-07, "eyeBlinkLeft": 0.20979590713977814, "eyeBlinkRight": 0.27248308062553406, "eyeLookDownLeft": 0.260304719209671, "eyeLookDownRight": 0.2894790470600128, "eyeLookInLeft": 0.0008015748462639749, "eyeLookInRight": 0.7812769412994385, "eyeLookOutLeft": 0.7497117519378662, "eyeLookOutRight": 0.002754287328571081, "eyeLookUpLeft": 0.05874122679233551, "eyeLookUpRight": 0.03888041898608208, "eyeSquintLeft": 0.3839722275733948, "eyeSquintRight": 0.2558814287185669, "eyeWideLeft": 0.005027633626013994, "eyeWideRight": 0.00224799825809896, "jawForward": 0.00048721625353209674, "jawLeft": 9.092994150705636e-05, "jawOpen": 0.0003350254846736789, "jawRight": 6.2142702518031e-05, "mouthClose": 6.710600428050384e-05, "mouthDimpleLeft": 0.005314914509654045, "mouthDimpleRight": 0.0024942175950855017, "mouthFrownLeft": 4.376215292722918e-05, "mouthFrownRight": 4.983952021575533e-05, "mouthFunnel": 0.008905362337827682, "mouthLeft": 0.00013634086644742638, "mouthLowerDownLeft": 0.0003289913875050843, "mouthLowerDownRight": 0.00041437987238168716, "mouthPressLeft": 0.008123056963086128, "mouthPressRight": 0.003643958829343319, "mouthPucker": 0.10116498172283173, "mouthRight": 0.01776585541665554, "mouthRollLower": 6.610772106796503e-05, "mouthRollUpper": 0.000525035837199539, "mouthShrugLower": 0.000473478197818622, "mouthShrugUpper": 0.009083629585802555, "mouthSmileLeft": 0.27208220958709717, "mouthSmileRight": 0.246073380112648, "mouthStretchLeft": 0.010600702837109566, "mouthStretchRight": 0.03671931475400925, "mouthUpperUpLeft": 0.0019178844522684813, "mouthUpperUpRight": 0.0024816086515784264, "noseSneerLeft": 8.993817573355045e-06, "noseSneerRight": 5.820957653668302e-07}, "transformationMatrices": [0.9846233129501343, 0.17290368676185608, -0.024940382689237595, 0.0, -0.1645791381597519, 0.9659879207611084, 0.19945281744003296, 0.0, 0.05857821926474571, -0.19228115677833557, 0.9795900583267212, 0.0, -2.2403597831726074, 14.651616096496582, -56.02517318725586, 1.0]},{"blendshapes": {"_neutral": 4.7393604063472594e-07, "browDownLeft": 0.03963440656661987, "browDownRight": 0.04076491668820381, "browInnerUp": 0.01954064704477787, "browOuterUpLeft": 0.07317504286766052, "browOuterUpRight": 0.03442898392677307, "cheekPuff": 2.0855319235124625e-05, "cheekSquintLeft": 8.592338218704754e-08, "cheekSquintRight": 1.744102888778798e-07, "eyeBlinkLeft": 0.2030208706855774, "eyeBlinkRight": 0.2815225124359131, "eyeLookDownLeft": 0.3092050850391388, "eyeLookDownRight": 0.3291836082935333, "eyeLookInLeft": 0.0009161225752905011, "eyeLookInRight": 0.7479850053787231, "eyeLookOutLeft": 0.7148128747940063, "eyeLookOutRight": 0.0032723774202167988, "eyeLookUpLeft": 0.04760660231113434, "eyeLookUpRight": 0.029630793258547783, "eyeSquintLeft": 0.37250012159347534, "eyeSquintRight": 0.2552238404750824, "eyeWideLeft": 0.005021397490054369, "eyeWideRight": 0.0020801578648388386, "jawForward": 0.0005961359129287302, "jawLeft": 0.00010600306995911524, "jawOpen": 0.00045567998313345015, "jawRight": 6.997311720624566e-05, "mouthClose": 8.162215817719698e-05, "mouthDimpleLeft": 0.008719217032194138, "mouthDimpleRight": 0.0026313909329473972, "mouthFrownLeft": 3.908634607796557e-05, "mouthFrownRight": 4.8633355618221685e-05, "mouthFunnel": 0.00845844205468893, "mouthLeft": 0.00016465390217490494, "mouthLowerDownLeft": 0.00045725496602244675, "mouthLowerDownRight": 0.0006740206154063344, "mouthPressLeft": 0.012182164005935192, "mouthPressRight": 0.004698122385889292, "mouthPucker": 0.060599904507398605, "mouthRight": 0.012535525485873222, "mouthRollLower": 9.096784924622625e-05, "mouthRollUpper": 0.0007949353312142193, "mouthShrugLower": 0.00039179105078801513, "mouthShrugUpper": 0.008756141178309917, "mouthSmileLeft": 0.23472809791564941, "mouthSmileRight": 0.20625872910022736, "mouthStretchLeft": 0.008260154165327549, "mouthStretchRight": 0.03656614199280739, "mouthUpperUpLeft": 0.002038618316873908, "mouthUpperUpRight": 0.0024306436534971, "noseSneerLeft": 9.00429495231947e-06, "noseSneerRight": 7.168295610426867e-07}, "transformationMatrices": [0.9844162464141846, 0.17380979657173157, -0.026733776554465294, 0.0, -0.16536130011081696, 0.9666471481323242, 0.19557234644889832, 0.0, 0.05983452871441841, -0.18810386955738068, 0.9803246855735779, 0.0, -2.1796469688415527, 14.651269912719727, -55.93649673461914, 1.0]},{"blendshapes": {"_neutral": 3.577556242362334e-07, "browDownLeft": 0.04928522929549217, "browDownRight": 0.05125407502055168, "browInnerUp": 0.013801061548292637, "browOuterUpLeft": 0.07083133608102798, "browOuterUpRight": 0.03261976316571236, "cheekPuff": 1.6717662219889462e-05, "cheekSquintLeft": 7.926466594199155e-08, "cheekSquintRight": 1.18136320281792e-07, "eyeBlinkLeft": 0.31250718235969543, "eyeBlinkRight": 0.4170078933238983, "eyeLookDownLeft": 0.48592931032180786, "eyeLookDownRight": 0.4741501808166504, "eyeLookInLeft": 0.0009766280418261886, "eyeLookInRight": 0.7904111742973328, "eyeLookOutLeft": 0.7713924646377563, "eyeLookOutRight": 0.0017541575944051147, "eyeLookUpLeft": 0.02752283215522766, "eyeLookUpRight": 0.015913670882582664, "eyeSquintLeft": 0.4006911516189575, "eyeSquintRight": 0.28335267305374146, "eyeWideLeft": 0.0030858733225613832, "eyeWideRight": 0.0010185581631958485, "jawForward": 0.0004985454143024981, "jawLeft": 0.00013888897956348956, "jawOpen": 0.0003614120651036501, "jawRight": 4.736681148642674e-05, "mouthClose": 6.540723552461714e-05, "mouthDimpleLeft": 0.004654988646507263, "mouthDimpleRight": 0.003179913153871894, "mouthFrownLeft": 6.382159335771576e-05, "mouthFrownRight": 7.018582982709631e-05, "mouthFunnel": 0.009958937764167786, "mouthLeft": 0.00015800369146745652, "mouthLowerDownLeft": 0.00045472016790881753, "mouthLowerDownRight": 0.000559259788133204, "mouthPressLeft": 0.007845950312912464, "mouthPressRight": 0.004273742437362671, "mouthPucker": 0.08956720679998398, "mouthRight": 0.012735897675156593, "mouthRollLower": 6.987983215367422e-05, "mouthRollUpper": 0.00045240746112540364, "mouthShrugLower": 0.0005056582158431411, "mouthShrugUpper": 0.013009423390030861, "mouthSmileLeft": 0.19500751793384552, "mouthSmileRight": 0.180833101272583, "mouthStretchLeft": 0.011961244978010654, "mouthStretchRight": 0.03434659168124199, "mouthUpperUpLeft": 0.003902852302417159, "mouthUpperUpRight": 0.005562850274145603, "noseSneerLeft": 9.896870324155316e-06, "noseSneerRight": 4.973115892425994e-07}, "transformationMatrices": [0.9859029054641724, 0.16500259935855865, -0.02772323414683342, 0.0, -0.1565941870212555, 0.9683323502540588, 0.19444718956947327, 0.0, 0.05892961099743843, -0.18736478686332703, 0.9805208444595337, 0.0, -1.9570566415786743, 14.824729919433594, -55.928253173828125, 1.0]},{"blendshapes": {"_neutral": 2.0823333102271135e-07, "browDownLeft": 0.023546870797872543, "browDownRight": 0.02939421497285366, "browInnerUp": 0.02469448186457157, "browOuterUpLeft": 0.07950714230537415, "browOuterUpRight": 0.05549474060535431, "cheekPuff": 2.5096063836826943e-05, "cheekSquintLeft": 4.930139496650554e-08, "cheekSquintRight": 5.74102934081111e-08, "eyeBlinkLeft": 0.44666025042533875, "eyeBlinkRight": 0.5565869808197021, "eyeLookDownLeft": 0.7369005680084229, "eyeLookDownRight": 0.7003296613693237, "eyeLookInLeft": 0.009900779463350773, "eyeLookInRight": 0.3371618986129761, "eyeLookOutLeft": 0.3222746253013611, "eyeLookOutRight": 0.010941888205707073, "eyeLookUpLeft": 0.0087632667273283, "eyeLookUpRight": 0.0038319940213114023, "eyeSquintLeft": 0.4570362865924835, "eyeSquintRight": 0.3209443986415863, "eyeWideLeft": 0.001467545167542994, "eyeWideRight": 0.00037403887836262584, "jawForward": 0.0003921798779629171, "jawLeft": 0.00044724723557010293, "jawOpen": 0.0009318964439444244, "jawRight": 3.2872456358745694e-05, "mouthClose": 0.00010537510388530791, "mouthDimpleLeft": 0.006968635134398937, "mouthDimpleRight": 0.011085203848779202, "mouthFrownLeft": 1.6134286852320656e-05, "mouthFrownRight": 1.416640225215815e-05, "mouthFunnel": 0.012554681859910488, "mouthLeft": 0.0003686676500365138, "mouthLowerDownLeft": 0.001429509138688445, "mouthLowerDownRight": 0.001553440117277205, "mouthPressLeft": 0.01635025627911091, "mouthPressRight": 0.009943499229848385, "mouthPucker": 0.028692618012428284, "mouthRight": 0.0053710294887423515, "mouthRollLower": 0.00012828153558075428, "mouthRollUpper": 0.0015415519010275602, "mouthShrugLower": 0.0003197286569047719, "mouthShrugUpper": 0.0133201340213418, "mouthSmileLeft": 0.07603719085454941, "mouthSmileRight": 0.06599131226539612, "mouthStretchLeft": 0.004447394050657749, "mouthStretchRight": 0.0026663378812372684, "mouthUpperUpLeft": 0.004644267726689577, "mouthUpperUpRight": 0.00826316885650158, "noseSneerLeft": 5.369724931370001e-06, "noseSneerRight": 3.320755865843239e-07}, "transformationMatrices": [0.9860801100730896, 0.1628936231136322, -0.03334694355726242, 0.0, -0.15425731241703033, 0.9710924625396729, 0.18216615915298462, 0.0, 0.06205664575099945, -0.17448630928993225, 0.9827021956443787, 0.0, -1.722265362739563, 14.661361694335938, -55.11869430541992, 1.0]},{"blendshapes": {"_neutral": 1.687609056943984e-07, "browDownLeft": 0.031165458261966705, "browDownRight": 0.04177641123533249, "browInnerUp": 0.022069023922085762, "browOuterUpLeft": 0.06341531872749329, "browOuterUpRight": 0.05420447885990143, "cheekPuff": 2.0029008737765253e-05, "cheekSquintLeft": 3.086808675334396e-08, "cheekSquintRight": 4.157655553171935e-08, "eyeBlinkLeft": 0.5887160897254944, "eyeBlinkRight": 0.6875309944152832, "eyeLookDownLeft": 0.81556236743927, "eyeLookDownRight": 0.7951111793518066, "eyeLookInLeft": 0.015247167088091373, "eyeLookInRight": 0.21730490028858185, "eyeLookOutLeft": 0.21507202088832855, "eyeLookOutRight": 0.027141308411955833, "eyeLookUpLeft": 0.0051729679107666016, "eyeLookUpRight": 0.0018080257577821612, "eyeSquintLeft": 0.5164647102355957, "eyeSquintRight": 0.36242181062698364, "eyeWideLeft": 0.0010680239647626877, "eyeWideRight": 0.0001512336020823568, "jawForward": 0.00022857336443848908, "jawLeft": 0.0008677489822730422, "jawOpen": 0.0012218148913234472, "jawRight": 3.8610000046901405e-05, "mouthClose": 0.00012279502698220313, "mouthDimpleLeft": 0.010480908676981926, "mouthDimpleRight": 0.016713228076696396, "mouthFrownLeft": 5.823239462188212e-06, "mouthFrownRight": 5.093972504255362e-06, "mouthFunnel": 0.01530859712511301, "mouthLeft": 0.000650575035251677, "mouthLowerDownLeft": 0.0010404286440461874, "mouthLowerDownRight": 0.001201258390210569, "mouthPressLeft": 0.012937500141561031, "mouthPressRight": 0.007574251852929592, "mouthPucker": 0.0539790503680706, "mouthRight": 0.0056706443428993225, "mouthRollLower": 0.00021887911134399474, "mouthRollUpper": 0.0027960590086877346, "mouthShrugLower": 0.0005113289807923138, "mouthShrugUpper": 0.01288432627916336, "mouthSmileLeft": 0.0067216395400464535, "mouthSmileRight": 0.005911971442401409, "mouthStretchLeft": 0.0007943836972117424, "mouthStretchRight": 0.0003771788324229419, "mouthUpperUpLeft": 0.0028078663162887096, "mouthUpperUpRight": 0.004330967552959919, "noseSneerLeft": 4.070633622177411e-06, "noseSneerRight": 2.0974547965124657e-07}, "transformationMatrices": [0.9875413179397583, 0.15496094524860382, -0.027375709265470505, 0.0, -0.14825336635112762, 0.9745253324508667, 0.1682896912097931, 0.0, 0.05275663733482361, -0.16213439404964447, 0.9853572845458984, 0.0, -1.5044528245925903, 14.599915504455566, -54.69892120361328, 1.0]},{"blendshapes": {"_neutral": 1.0709891995475118e-07, "browDownLeft": 0.05047053471207619, "browDownRight": 0.05843817815184593, "browInnerUp": 0.013538891449570656, "browOuterUpLeft": 0.047835808247327805, "browOuterUpRight": 0.039488621056079865, "cheekPuff": 1.548434556752909e-05, "cheekSquintLeft": 1.3229941586700988e-08, "cheekSquintRight": 3.17712611774823e-08, "eyeBlinkLeft": 0.6294372081756592, "eyeBlinkRight": 0.7085354328155518, "eyeLookDownLeft": 0.8103643655776978, "eyeLookDownRight": 0.7960888147354126, "eyeLookInLeft": 0.029816903173923492, "eyeLookInRight": 0.13457004725933075, "eyeLookOutLeft": 0.15587154030799866, "eyeLookOutRight": 0.048686038702726364, "eyeLookUpLeft": 0.005153502803295851, "eyeLookUpRight": 0.0019145164405927062, "eyeSquintLeft": 0.505128800868988, "eyeSquintRight": 0.3454115390777588, "eyeWideLeft": 0.0010528538841754198, "eyeWideRight": 0.0001271778019145131, "jawForward": 0.0001602866977918893, "jawLeft": 0.0007615304784849286, "jawOpen": 0.0012969453819096088, "jawRight": 7.562046084785834e-05, "mouthClose": 0.00019823561888188124, "mouthDimpleLeft": 0.029325177893042564, "mouthDimpleRight": 0.02608504705131054, "mouthFrownLeft": 8.250665359810228e-07, "mouthFrownRight": 7.194252020781278e-07, "mouthFunnel": 0.013415890745818615, "mouthLeft": 0.0024154989514499903, "mouthLowerDownLeft": 0.0005338313058018684, "mouthLowerDownRight": 0.0006475287955254316, "mouthPressLeft": 0.016144417226314545, "mouthPressRight": 0.0077820830047130585, "mouthPucker": 0.14621968567371368, "mouthRight": 0.002662292215973139, "mouthRollLower": 0.00032771300175227225, "mouthRollUpper": 0.005272394046187401, "mouthShrugLower": 0.0003605928213801235, "mouthShrugUpper": 0.003422445384785533, "mouthSmileLeft": 0.0030354156624525785, "mouthSmileRight": 0.0024609940592199564, "mouthStretchLeft": 0.0003367421159055084, "mouthStretchRight": 0.00011370201536919922, "mouthUpperUpLeft": 0.0002375102340010926, "mouthUpperUpRight": 0.00030468590557575226, "noseSneerLeft": 2.352508545300225e-06, "noseSneerRight": 9.013938040425273e-08}, "transformationMatrices": [0.9878129363059998, 0.14911065995693207, -0.044622261077165604, 0.0, -0.1411130428314209, 0.9789528250694275, 0.14743758738040924, 0.0,